           0  2147483647           0           0           0           0           0           0  2147483647  2147483647  2147483647
           0           0           0           0           0           0           0           1           2           4           5
           0           0           0           0           0           0           0           0          10           8           7
           0           0           0           0           0           0          13          11          11          13          14
           0  2147483647           0           0           0           0          14          10           8           0          16
           0           0           0           0           0           0          16           0           7           0          17
           0           0           0  2147483647           0           0          17           4           5           0          19
  2147483647           0           0           0           0  2147483647          19           2           1          22          20
           0           0           0           0           0  2147483647          20           0           0           0  2147483647
           0           0           0           0           0           0          22  2147483647           0           0           0
           0           0           0           0           0           0           0           0           0           0           0
           0           0           0           0           0           0           0           0           0  2147483647           0
           0           0           0           0           0           0           0           0           0           0           0
           0           0           0           0           0           0           0           0           0           0           0
           0           0           0           0           0           0           0           0           0           0           0
  2147483647  2147483647  2147483647           0           0           0           0           0           0  2147483647           0

           1           0           1           1           1           1           1           1           0           0           0
           1           1           1           1           1           1           1           1           1           1           1
           1           1           1           1           1           1           1           1           0           0           0
           1           1           1           1           1           1           0           0           0           0           0
           1           0           1           1           1           1           0           0           0           1           0
           1           1           1           1           1           1           0           1           0           1           0
           1           1           1           0           1           1           0           0           0           1           0
           0           1           1           1           1           0           0           1           1           0           0
           1           1           1           1           1           0           0           1           1           1           0
           1           1           1           1           1           1           0           0           1           1           1
           1           1           1           1           1           1           1           1           1           1           1
           1           1           1           1           1           1           1           1           1           0           1
           1           1           1           1           1           1           1           1           1           1           1
           1           1           1           1           1           1           1           1           1           1           1
           1           1           1           1           1           1           1           1           1           1           1
           0           0           0           1           1           1           1           1           1           0           1

          16          15          14          13          12          11          10           9           8           7           8
          15          14          13          12          11          10           9           8           7           6           7
          14          13          12          11          10           9           8           7           6           5           6
          13          12          11          10           9           8           7           6           5           4           5
          12          11          10           9           8           7           6           5           4           3           4
          11          10           9           8           7           6           5           4           3           2           3
          10           9           8           7           6           5           4           3           2           1           2
           9           8           7           6           5           4           3           2           1           0           1
          10           9           8           7           6           5           4           3           2           1           2
          11          10           9           8           7           6           5           4           3           2           3
          12          11          10           9           8           7           6           5           4           3           4
          13          12          11          10           9           8           7           6           5           4           5
          14          13          12          11          10           9           8           7           6           5           6
          15          14          13          12          11          10           9           8           7           6           7
          16          15          14          13          12          11          10           9           8           7           8
          17          16          15          14          13          12          11          10           9           8           9

        1000       10000          62          62          46          77          62          62       10000       10000       10000
         500         250         125          62          31          46          62         125         250         500        1000
         250         250         187         124          77          92          62          62       10000       10000       10000
         125         187         186         155         122         107       10000       10000       10000       10000       10000
          62       10000          93         137          15          75       10000       10000       10000        1000       10000
          31          15         106          15          31          30       10000        1000       10000         500       10000
          15         137          93       10000          62          31       10000       10000       10000         250       10000
       10000         155         186         187         125       10000       10000          30          31       10000       10000
          77         124         187         250         250       10000       10000          31          62          93       10000
          31          62         125         250         500        1000       10000       10000         125         124         108
         108         187         312         500         750        1000        1000         500         250         125          93
         217         327         468         625         750         750         500         500         375       10000          62
         326         436         546         624         625         500         250         375         560         187         125
         408         491         546         546         468         312         125         373         187         250         250
         449         491         493         440         335         202          93          62         125         250         500
       10000       10000       10000         338         236         139          77          62          62       10000        1000

